2023/08/23-22:08:40.431857 58b8 RocksDB version: 8.0.0
2023/08/23-22:08:40.432087 58b8 Git sha fdf403f5918a2b4355cf75ebe5e21d0fc22db880
2023/08/23-22:08:40.432110 58b8 Compile date 2023-03-21 23:33:48
2023/08/23-22:08:40.432133 58b8 DB SUMMARY
2023/08/23-22:08:40.432147 58b8 DB Session ID:  ZC7M32HYYJCFS5W58K4R
2023/08/23-22:08:40.432447 58b8 SST files in C:\Users\abhir\OneDrive\Desktop\IBFT-Network\node3\data\database dir, Total Num: 0, files: 
2023/08/23-22:08:40.432462 58b8 Write Ahead Log file in C:\Users\abhir\OneDrive\Desktop\IBFT-Network\node3\data\database: 
2023/08/23-22:08:40.432479 58b8                         Options.error_if_exists: 0
2023/08/23-22:08:40.432491 58b8                       Options.create_if_missing: 1
2023/08/23-22:08:40.432503 58b8                         Options.paranoid_checks: 1
2023/08/23-22:08:40.433467 58b8             Options.flush_verify_memtable_count: 1
2023/08/23-22:08:40.433482 58b8                               Options.track_and_verify_wals_in_manifest: 0
2023/08/23-22:08:40.433489 58b8        Options.verify_sst_unique_id_in_manifest: 1
2023/08/23-22:08:40.433495 58b8                                     Options.env: 000001D384F90500
2023/08/23-22:08:40.433501 58b8                                      Options.fs: WinFS
2023/08/23-22:08:40.433507 58b8                                Options.info_log: 000001D387550360
2023/08/23-22:08:40.433512 58b8                Options.max_file_opening_threads: 16
2023/08/23-22:08:40.433518 58b8                              Options.statistics: 000001D3874E5120
2023/08/23-22:08:40.433523 58b8                               Options.use_fsync: 0
2023/08/23-22:08:40.433529 58b8                       Options.max_log_file_size: 0
2023/08/23-22:08:40.433534 58b8                  Options.max_manifest_file_size: 1073741824
2023/08/23-22:08:40.433539 58b8                   Options.log_file_time_to_roll: 86400
2023/08/23-22:08:40.433545 58b8                       Options.keep_log_file_num: 7
2023/08/23-22:08:40.433550 58b8                    Options.recycle_log_file_num: 0
2023/08/23-22:08:40.433555 58b8                         Options.allow_fallocate: 1
2023/08/23-22:08:40.433560 58b8                        Options.allow_mmap_reads: 0
2023/08/23-22:08:40.433566 58b8                       Options.allow_mmap_writes: 0
2023/08/23-22:08:40.433571 58b8                        Options.use_direct_reads: 0
2023/08/23-22:08:40.433576 58b8                        Options.use_direct_io_for_flush_and_compaction: 0
2023/08/23-22:08:40.433582 58b8          Options.create_missing_column_families: 1
2023/08/23-22:08:40.433587 58b8                              Options.db_log_dir: 
2023/08/23-22:08:40.433592 58b8                                 Options.wal_dir: 
2023/08/23-22:08:40.433597 58b8                Options.table_cache_numshardbits: 6
2023/08/23-22:08:40.433603 58b8                         Options.WAL_ttl_seconds: 0
2023/08/23-22:08:40.433609 58b8                       Options.WAL_size_limit_MB: 0
2023/08/23-22:08:40.433614 58b8                        Options.max_write_batch_group_size_bytes: 1048576
2023/08/23-22:08:40.433620 58b8             Options.manifest_preallocation_size: 4194304
2023/08/23-22:08:40.433625 58b8                     Options.is_fd_close_on_exec: 1
2023/08/23-22:08:40.433630 58b8                   Options.advise_random_on_open: 1
2023/08/23-22:08:40.433635 58b8                    Options.db_write_buffer_size: 0
2023/08/23-22:08:40.433641 58b8                    Options.write_buffer_manager: 000001D384F8F060
2023/08/23-22:08:40.433646 58b8         Options.access_hint_on_compaction_start: 1
2023/08/23-22:08:40.433651 58b8           Options.random_access_max_buffer_size: 1048576
2023/08/23-22:08:40.433656 58b8                      Options.use_adaptive_mutex: 0
2023/08/23-22:08:40.433662 58b8                            Options.rate_limiter: 0000000000000000
2023/08/23-22:08:40.433668 58b8     Options.sst_file_manager.rate_bytes_per_sec: 0
2023/08/23-22:08:40.433673 58b8                       Options.wal_recovery_mode: 2
2023/08/23-22:08:40.433678 58b8                  Options.enable_thread_tracking: 0
2023/08/23-22:08:40.433711 58b8                  Options.enable_pipelined_write: 0
2023/08/23-22:08:40.433719 58b8                  Options.unordered_write: 0
2023/08/23-22:08:40.433725 58b8         Options.allow_concurrent_memtable_write: 1
2023/08/23-22:08:40.433730 58b8      Options.enable_write_thread_adaptive_yield: 1
2023/08/23-22:08:40.433736 58b8             Options.write_thread_max_yield_usec: 100
2023/08/23-22:08:40.433741 58b8            Options.write_thread_slow_yield_usec: 3
2023/08/23-22:08:40.433746 58b8                               Options.row_cache: None
2023/08/23-22:08:40.433752 58b8                              Options.wal_filter: None
2023/08/23-22:08:40.433757 58b8             Options.avoid_flush_during_recovery: 0
2023/08/23-22:08:40.433762 58b8             Options.allow_ingest_behind: 0
2023/08/23-22:08:40.433768 58b8             Options.two_write_queues: 0
2023/08/23-22:08:40.433773 58b8             Options.manual_wal_flush: 0
2023/08/23-22:08:40.433778 58b8             Options.wal_compression: 0
2023/08/23-22:08:40.433783 58b8             Options.atomic_flush: 0
2023/08/23-22:08:40.433788 58b8             Options.avoid_unnecessary_blocking_io: 0
2023/08/23-22:08:40.433793 58b8                 Options.persist_stats_to_disk: 0
2023/08/23-22:08:40.433799 58b8                 Options.write_dbid_to_manifest: 0
2023/08/23-22:08:40.433804 58b8                 Options.log_readahead_size: 0
2023/08/23-22:08:40.433810 58b8                 Options.file_checksum_gen_factory: Unknown
2023/08/23-22:08:40.433815 58b8                 Options.best_efforts_recovery: 0
2023/08/23-22:08:40.433820 58b8                Options.max_bgerror_resume_count: 2147483647
2023/08/23-22:08:40.433826 58b8            Options.bgerror_resume_retry_interval: 1000000
2023/08/23-22:08:40.433831 58b8             Options.allow_data_in_errors: 0
2023/08/23-22:08:40.433836 58b8             Options.db_host_id: __hostname__
2023/08/23-22:08:40.433842 58b8             Options.enforce_single_del_contracts: true
2023/08/23-22:08:40.433847 58b8             Options.max_background_jobs: 2
2023/08/23-22:08:40.433852 58b8             Options.max_background_compactions: -1
2023/08/23-22:08:40.433858 58b8             Options.max_subcompactions: 1
2023/08/23-22:08:40.433863 58b8             Options.avoid_flush_during_shutdown: 0
2023/08/23-22:08:40.433868 58b8           Options.writable_file_max_buffer_size: 1048576
2023/08/23-22:08:40.433874 58b8             Options.delayed_write_rate : 16777216
2023/08/23-22:08:40.433879 58b8             Options.max_total_wal_size: 0
2023/08/23-22:08:40.433885 58b8             Options.delete_obsolete_files_period_micros: 21600000000
2023/08/23-22:08:40.433890 58b8                   Options.stats_dump_period_sec: 600
2023/08/23-22:08:40.433895 58b8                 Options.stats_persist_period_sec: 600
2023/08/23-22:08:40.433901 58b8                 Options.stats_history_buffer_size: 1048576
2023/08/23-22:08:40.433906 58b8                          Options.max_open_files: 1024
2023/08/23-22:08:40.433911 58b8                          Options.bytes_per_sync: 0
2023/08/23-22:08:40.433917 58b8                      Options.wal_bytes_per_sync: 0
2023/08/23-22:08:40.433922 58b8                   Options.strict_bytes_per_sync: 0
2023/08/23-22:08:40.433927 58b8       Options.compaction_readahead_size: 0
2023/08/23-22:08:40.433933 58b8                  Options.max_background_flushes: -1
2023/08/23-22:08:40.433948 58b8 Compression algorithms supported:
2023/08/23-22:08:40.433954 58b8 	kZSTD supported: 1
2023/08/23-22:08:40.433959 58b8 	kSnappyCompression supported: 1
2023/08/23-22:08:40.433965 58b8 	kBZip2Compression supported: 0
2023/08/23-22:08:40.433970 58b8 	kZlibCompression supported: 1
2023/08/23-22:08:40.433975 58b8 	kLZ4Compression supported: 1
2023/08/23-22:08:40.433980 58b8 	kXpressCompression supported: 0
2023/08/23-22:08:40.433985 58b8 	kLZ4HCCompression supported: 1
2023/08/23-22:08:40.433990 58b8 	kZSTDNotFinalCompression supported: 1
2023/08/23-22:08:40.434006 58b8 Fast CRC32 supported: Supported on x86
2023/08/23-22:08:40.434028 58b8 DMutex implementation: std::mutex
2023/08/23-22:08:40.450363 58b8 [db\db_impl\db_impl_open.cc:315] Creating manifest 1 
2023/08/23-22:08:40.487273 58b8 [db\version_set.cc:5658] Recovering from manifest file: C:\Users\abhir\OneDrive\Desktop\IBFT-Network\node3\data\database/MANIFEST-000001
2023/08/23-22:08:40.487726 58b8 [db\column_family.cc:621] --------------- Options for column family [default]:
2023/08/23-22:08:40.487749 58b8               Options.comparator: leveldb.BytewiseComparator
2023/08/23-22:08:40.487758 58b8           Options.merge_operator: None
2023/08/23-22:08:40.487766 58b8        Options.compaction_filter: None
2023/08/23-22:08:40.487774 58b8        Options.compaction_filter_factory: None
2023/08/23-22:08:40.487782 58b8  Options.sst_partitioner_factory: None
2023/08/23-22:08:40.487790 58b8         Options.memtable_factory: SkipListFactory
2023/08/23-22:08:40.487798 58b8            Options.table_factory: BlockBasedTable
2023/08/23-22:08:40.487847 58b8            table_factory options:   flush_block_policy_factory: FlushBlockBySizePolicyFactory (000001D387093A20)
  cache_index_and_filter_blocks: 0
  cache_index_and_filter_blocks_with_high_priority: 1
  pin_l0_filter_and_index_blocks_in_cache: 0
  pin_top_level_index_and_filter: 1
  index_type: 0
  data_block_index_type: 0
  index_shortening: 1
  data_block_hash_table_util_ratio: 0.750000
  checksum: 1
  no_block_cache: 0
  block_cache: 000001D3863E0290
  block_cache_name: LRUCache
  block_cache_options:
    capacity : 134217728
    num_shard_bits : 6
    strict_capacity_limit : 0
    memory_allocator : None
    high_pri_pool_ratio: 0.000
    low_pri_pool_ratio: 0.000
  persistent_cache: 0000000000000000
  block_size: 32768
  block_size_deviation: 10
  block_restart_interval: 16
  index_block_restart_interval: 1
  metadata_block_size: 4096
  partition_filters: 0
  use_delta_encoding: 1
  filter_policy: bloomfilter
  whole_key_filtering: 1
  verify_compression: 0
  read_amp_bytes_per_bit: 0
  format_version: 5
  enable_index_compression: 1
  block_align: 0
  max_auto_readahead_size: 262144
  prepopulate_block_cache: 0
  initial_auto_readahead_size: 8192
  num_file_reads_for_auto_readahead: 2
2023/08/23-22:08:40.487857 58b8        Options.write_buffer_size: 67108864
2023/08/23-22:08:40.487865 58b8  Options.max_write_buffer_number: 2
2023/08/23-22:08:40.487873 58b8          Options.compression: LZ4
2023/08/23-22:08:40.487881 58b8                  Options.bottommost_compression: Disabled
2023/08/23-22:08:40.487889 58b8       Options.prefix_extractor: nullptr
2023/08/23-22:08:40.487897 58b8   Options.memtable_insert_with_hint_prefix_extractor: nullptr
2023/08/23-22:08:40.487905 58b8             Options.num_levels: 7
2023/08/23-22:08:40.487913 58b8        Options.min_write_buffer_number_to_merge: 1
2023/08/23-22:08:40.487921 58b8     Options.max_write_buffer_number_to_maintain: 0
2023/08/23-22:08:40.487929 58b8     Options.max_write_buffer_size_to_maintain: 134217728
2023/08/23-22:08:40.487938 58b8            Options.bottommost_compression_opts.window_bits: -14
2023/08/23-22:08:40.487946 58b8                  Options.bottommost_compression_opts.level: 32767
2023/08/23-22:08:40.487954 58b8               Options.bottommost_compression_opts.strategy: 0
2023/08/23-22:08:40.487962 58b8         Options.bottommost_compression_opts.max_dict_bytes: 0
2023/08/23-22:08:40.487971 58b8         Options.bottommost_compression_opts.zstd_max_train_bytes: 0
2023/08/23-22:08:40.487979 58b8         Options.bottommost_compression_opts.parallel_threads: 1
2023/08/23-22:08:40.487987 58b8                  Options.bottommost_compression_opts.enabled: false
2023/08/23-22:08:40.487995 58b8         Options.bottommost_compression_opts.max_dict_buffer_bytes: 0
2023/08/23-22:08:40.488004 58b8         Options.bottommost_compression_opts.use_zstd_dict_trainer: true
2023/08/23-22:08:40.488012 58b8            Options.compression_opts.window_bits: -14
2023/08/23-22:08:40.488019 58b8                  Options.compression_opts.level: 32767
2023/08/23-22:08:40.488031 58b8               Options.compression_opts.strategy: 0
2023/08/23-22:08:40.488041 58b8         Options.compression_opts.max_dict_bytes: 0
2023/08/23-22:08:40.488049 58b8         Options.compression_opts.zstd_max_train_bytes: 0
2023/08/23-22:08:40.488057 58b8         Options.compression_opts.use_zstd_dict_trainer: true
2023/08/23-22:08:40.488065 58b8         Options.compression_opts.parallel_threads: 1
2023/08/23-22:08:40.488073 58b8                  Options.compression_opts.enabled: false
2023/08/23-22:08:40.488081 58b8         Options.compression_opts.max_dict_buffer_bytes: 0
2023/08/23-22:08:40.488089 58b8      Options.level0_file_num_compaction_trigger: 4
2023/08/23-22:08:40.488097 58b8          Options.level0_slowdown_writes_trigger: 20
2023/08/23-22:08:40.488105 58b8              Options.level0_stop_writes_trigger: 36
2023/08/23-22:08:40.488113 58b8                   Options.target_file_size_base: 67108864
2023/08/23-22:08:40.488121 58b8             Options.target_file_size_multiplier: 1
2023/08/23-22:08:40.488129 58b8                Options.max_bytes_for_level_base: 268435456
2023/08/23-22:08:40.488137 58b8 Options.level_compaction_dynamic_level_bytes: 0
2023/08/23-22:08:40.488146 58b8          Options.max_bytes_for_level_multiplier: 10.000000
2023/08/23-22:08:40.488155 58b8 Options.max_bytes_for_level_multiplier_addtl[0]: 1
2023/08/23-22:08:40.488163 58b8 Options.max_bytes_for_level_multiplier_addtl[1]: 1
2023/08/23-22:08:40.488171 58b8 Options.max_bytes_for_level_multiplier_addtl[2]: 1
2023/08/23-22:08:40.488179 58b8 Options.max_bytes_for_level_multiplier_addtl[3]: 1
2023/08/23-22:08:40.488187 58b8 Options.max_bytes_for_level_multiplier_addtl[4]: 1
2023/08/23-22:08:40.488194 58b8 Options.max_bytes_for_level_multiplier_addtl[5]: 1
2023/08/23-22:08:40.488202 58b8 Options.max_bytes_for_level_multiplier_addtl[6]: 1
2023/08/23-22:08:40.488209 58b8       Options.max_sequential_skip_in_iterations: 8
2023/08/23-22:08:40.488216 58b8                    Options.max_compaction_bytes: 1677721600
2023/08/23-22:08:40.488224 58b8   Options.ignore_max_compaction_bytes_for_input: true
2023/08/23-22:08:40.488232 58b8                        Options.arena_block_size: 1048576
2023/08/23-22:08:40.488240 58b8   Options.soft_pending_compaction_bytes_limit: 68719476736
2023/08/23-22:08:40.488247 58b8   Options.hard_pending_compaction_bytes_limit: 274877906944
2023/08/23-22:08:40.488254 58b8                Options.disable_auto_compactions: 1
2023/08/23-22:08:40.488263 58b8                        Options.compaction_style: kCompactionStyleLevel
2023/08/23-22:08:40.488272 58b8                          Options.compaction_pri: kMinOverlappingRatio
2023/08/23-22:08:40.488279 58b8 Options.compaction_options_universal.size_ratio: 1
2023/08/23-22:08:40.488286 58b8 Options.compaction_options_universal.min_merge_width: 2
2023/08/23-22:08:40.488294 58b8 Options.compaction_options_universal.max_merge_width: 4294967295
2023/08/23-22:08:40.488302 58b8 Options.compaction_options_universal.max_size_amplification_percent: 200
2023/08/23-22:08:40.488310 58b8 Options.compaction_options_universal.compression_size_percent: -1
2023/08/23-22:08:40.488323 58b8 Options.compaction_options_universal.stop_style: kCompactionStopStyleTotalSize
2023/08/23-22:08:40.488331 58b8 Options.compaction_options_fifo.max_table_files_size: 1073741824
2023/08/23-22:08:40.488339 58b8 Options.compaction_options_fifo.allow_compaction: 0
2023/08/23-22:08:40.488349 58b8                   Options.table_properties_collectors: 
2023/08/23-22:08:40.488356 58b8                   Options.inplace_update_support: 0
2023/08/23-22:08:40.488364 58b8                 Options.inplace_update_num_locks: 10000
2023/08/23-22:08:40.488372 58b8               Options.memtable_prefix_bloom_size_ratio: 0.000000
2023/08/23-22:08:40.488380 58b8               Options.memtable_whole_key_filtering: 0
2023/08/23-22:08:40.488388 58b8   Options.memtable_huge_page_size: 0
2023/08/23-22:08:40.488395 58b8                           Options.bloom_locality: 0
2023/08/23-22:08:40.488402 58b8                    Options.max_successive_merges: 0
2023/08/23-22:08:40.488460 58b8                Options.optimize_filters_for_hits: 0
2023/08/23-22:08:40.488469 58b8                Options.paranoid_file_checks: 0
2023/08/23-22:08:40.488477 58b8                Options.force_consistency_checks: 1
2023/08/23-22:08:40.488484 58b8                Options.report_bg_io_stats: 0
2023/08/23-22:08:40.488491 58b8                               Options.ttl: 0
2023/08/23-22:08:40.488499 58b8          Options.periodic_compaction_seconds: 0
2023/08/23-22:08:40.488506 58b8  Options.preclude_last_level_data_seconds: 0
2023/08/23-22:08:40.488513 58b8    Options.preserve_internal_time_seconds: 0
2023/08/23-22:08:40.488521 58b8                       Options.enable_blob_files: false
2023/08/23-22:08:40.488528 58b8                           Options.min_blob_size: 0
2023/08/23-22:08:40.488536 58b8                          Options.blob_file_size: 268435456
2023/08/23-22:08:40.488544 58b8                   Options.blob_compression_type: NoCompression
2023/08/23-22:08:40.488551 58b8          Options.enable_blob_garbage_collection: false
2023/08/23-22:08:40.488560 58b8      Options.blob_garbage_collection_age_cutoff: 0.250000
2023/08/23-22:08:40.488569 58b8 Options.blob_garbage_collection_force_threshold: 1.000000
2023/08/23-22:08:40.488577 58b8          Options.blob_compaction_readahead_size: 0
2023/08/23-22:08:40.488584 58b8                Options.blob_file_starting_level: 0
2023/08/23-22:08:40.488592 58b8 Options.experimental_mempurge_threshold: 0.000000
2023/08/23-22:08:40.492087 58b8 [db\version_set.cc:5709] Recovered from manifest file:C:\Users\abhir\OneDrive\Desktop\IBFT-Network\node3\data\database/MANIFEST-000001 succeeded,manifest_file_number is 1, next_file_number is 3, last_sequence is 0, log_number is 0,prev_log_number is 0,max_column_family is 0,min_log_number_to_keep is 0
2023/08/23-22:08:40.492109 58b8 [db\version_set.cc:5718] Column family [default] (ID 0), log number is 0
2023/08/23-22:08:40.492512 58b8 [db\db_impl\db_impl_open.cc:537] DB ID: 83725149-41d3-11ee-8401-d34e9aae0e5c
2023/08/23-22:08:40.494600 58b8 [db\version_set.cc:5176] Creating manifest 5
2023/08/23-22:08:40.521609 58b8 [db\column_family.cc:621] --------------- Options for column family []:
2023/08/23-22:08:40.521686 58b8               Options.comparator: leveldb.BytewiseComparator
2023/08/23-22:08:40.521697 58b8           Options.merge_operator: None
2023/08/23-22:08:40.521708 58b8        Options.compaction_filter: None
2023/08/23-22:08:40.521718 58b8        Options.compaction_filter_factory: None
2023/08/23-22:08:40.521729 58b8  Options.sst_partitioner_factory: None
2023/08/23-22:08:40.521739 58b8         Options.memtable_factory: SkipListFactory
2023/08/23-22:08:40.521749 58b8            Options.table_factory: BlockBasedTable
2023/08/23-22:08:40.521804 58b8            table_factory options:   flush_block_policy_factory: FlushBlockBySizePolicyFactory (000001D386CE43D0)
  cache_index_and_filter_blocks: 0
  cache_index_and_filter_blocks_with_high_priority: 1
  pin_l0_filter_and_index_blocks_in_cache: 0
  pin_top_level_index_and_filter: 1
  index_type: 0
  data_block_index_type: 0
  index_shortening: 1
  data_block_hash_table_util_ratio: 0.750000
  checksum: 1
  no_block_cache: 0
  block_cache: 000001D3863E2690
  block_cache_name: LRUCache
  block_cache_options:
    capacity : 134217728
    num_shard_bits : 6
    strict_capacity_limit : 0
    memory_allocator : None
    high_pri_pool_ratio: 0.000
    low_pri_pool_ratio: 0.000
  persistent_cache: 0000000000000000
  block_size: 32768
  block_size_deviation: 10
  block_restart_interval: 16
  index_block_restart_interval: 1
  metadata_block_size: 4096
  partition_filters: 0
  use_delta_encoding: 1
  filter_policy: bloomfilter
  whole_key_filtering: 1
  verify_compression: 0
  read_amp_bytes_per_bit: 0
  format_version: 5
  enable_index_compression: 1
  block_align: 0
  max_auto_readahead_size: 262144
  prepopulate_block_cache: 0
  initial_auto_readahead_size: 8192
  num_file_reads_for_auto_readahead: 2
2023/08/23-22:08:40.521816 58b8        Options.write_buffer_size: 67108864
2023/08/23-22:08:40.521838 58b8  Options.max_write_buffer_number: 2
2023/08/23-22:08:40.521852 58b8          Options.compression: LZ4
2023/08/23-22:08:40.521862 58b8                  Options.bottommost_compression: Disabled
2023/08/23-22:08:40.521872 58b8       Options.prefix_extractor: nullptr
2023/08/23-22:08:40.521882 58b8   Options.memtable_insert_with_hint_prefix_extractor: nullptr
2023/08/23-22:08:40.521891 58b8             Options.num_levels: 7
2023/08/23-22:08:40.521901 58b8        Options.min_write_buffer_number_to_merge: 1
2023/08/23-22:08:40.521911 58b8     Options.max_write_buffer_number_to_maintain: 0
2023/08/23-22:08:40.521920 58b8     Options.max_write_buffer_size_to_maintain: 134217728
2023/08/23-22:08:40.521930 58b8            Options.bottommost_compression_opts.window_bits: -14
2023/08/23-22:08:40.521941 58b8                  Options.bottommost_compression_opts.level: 32767
2023/08/23-22:08:40.521951 58b8               Options.bottommost_compression_opts.strategy: 0
2023/08/23-22:08:40.521961 58b8         Options.bottommost_compression_opts.max_dict_bytes: 0
2023/08/23-22:08:40.521971 58b8         Options.bottommost_compression_opts.zstd_max_train_bytes: 0
2023/08/23-22:08:40.521981 58b8         Options.bottommost_compression_opts.parallel_threads: 1
2023/08/23-22:08:40.521991 58b8                  Options.bottommost_compression_opts.enabled: false
2023/08/23-22:08:40.522001 58b8         Options.bottommost_compression_opts.max_dict_buffer_bytes: 0
2023/08/23-22:08:40.522011 58b8         Options.bottommost_compression_opts.use_zstd_dict_trainer: true
2023/08/23-22:08:40.522021 58b8            Options.compression_opts.window_bits: -14
2023/08/23-22:08:40.522031 58b8                  Options.compression_opts.level: 32767
2023/08/23-22:08:40.522041 58b8               Options.compression_opts.strategy: 0
2023/08/23-22:08:40.522051 58b8         Options.compression_opts.max_dict_bytes: 0
2023/08/23-22:08:40.522060 58b8         Options.compression_opts.zstd_max_train_bytes: 0
2023/08/23-22:08:40.522070 58b8         Options.compression_opts.use_zstd_dict_trainer: true
2023/08/23-22:08:40.522080 58b8         Options.compression_opts.parallel_threads: 1
2023/08/23-22:08:40.522089 58b8                  Options.compression_opts.enabled: false
2023/08/23-22:08:40.522099 58b8         Options.compression_opts.max_dict_buffer_bytes: 0
2023/08/23-22:08:40.522110 58b8      Options.level0_file_num_compaction_trigger: 4
2023/08/23-22:08:40.522119 58b8          Options.level0_slowdown_writes_trigger: 20
2023/08/23-22:08:40.522129 58b8              Options.level0_stop_writes_trigger: 36
2023/08/23-22:08:40.522139 58b8                   Options.target_file_size_base: 67108864
2023/08/23-22:08:40.522149 58b8             Options.target_file_size_multiplier: 1
2023/08/23-22:08:40.522159 58b8                Options.max_bytes_for_level_base: 268435456
2023/08/23-22:08:40.522169 58b8 Options.level_compaction_dynamic_level_bytes: 0
2023/08/23-22:08:40.522180 58b8          Options.max_bytes_for_level_multiplier: 10.000000
2023/08/23-22:08:40.522191 58b8 Options.max_bytes_for_level_multiplier_addtl[0]: 1
2023/08/23-22:08:40.522201 58b8 Options.max_bytes_for_level_multiplier_addtl[1]: 1
2023/08/23-22:08:40.522211 58b8 Options.max_bytes_for_level_multiplier_addtl[2]: 1
2023/08/23-22:08:40.522221 58b8 Options.max_bytes_for_level_multiplier_addtl[3]: 1
2023/08/23-22:08:40.522232 58b8 Options.max_bytes_for_level_multiplier_addtl[4]: 1
2023/08/23-22:08:40.522242 58b8 Options.max_bytes_for_level_multiplier_addtl[5]: 1
2023/08/23-22:08:40.522253 58b8 Options.max_bytes_for_level_multiplier_addtl[6]: 1
2023/08/23-22:08:40.522264 58b8       Options.max_sequential_skip_in_iterations: 8
2023/08/23-22:08:40.522275 58b8                    Options.max_compaction_bytes: 1677721600
2023/08/23-22:08:40.522285 58b8   Options.ignore_max_compaction_bytes_for_input: true
2023/08/23-22:08:40.522296 58b8                        Options.arena_block_size: 1048576
2023/08/23-22:08:40.522307 58b8   Options.soft_pending_compaction_bytes_limit: 68719476736
2023/08/23-22:08:40.522319 58b8   Options.hard_pending_compaction_bytes_limit: 274877906944
2023/08/23-22:08:40.522331 58b8                Options.disable_auto_compactions: 1
2023/08/23-22:08:40.522344 58b8                        Options.compaction_style: kCompactionStyleLevel
2023/08/23-22:08:40.522355 58b8                          Options.compaction_pri: kMinOverlappingRatio
2023/08/23-22:08:40.522366 58b8 Options.compaction_options_universal.size_ratio: 1
2023/08/23-22:08:40.522376 58b8 Options.compaction_options_universal.min_merge_width: 2
2023/08/23-22:08:40.522387 58b8 Options.compaction_options_universal.max_merge_width: 4294967295
2023/08/23-22:08:40.522398 58b8 Options.compaction_options_universal.max_size_amplification_percent: 200
2023/08/23-22:08:40.522409 58b8 Options.compaction_options_universal.compression_size_percent: -1
2023/08/23-22:08:40.522421 58b8 Options.compaction_options_universal.stop_style: kCompactionStopStyleTotalSize
2023/08/23-22:08:40.522432 58b8 Options.compaction_options_fifo.max_table_files_size: 1073741824
2023/08/23-22:08:40.522443 58b8 Options.compaction_options_fifo.allow_compaction: 0
2023/08/23-22:08:40.522461 58b8                   Options.table_properties_collectors: 
2023/08/23-22:08:40.522472 58b8                   Options.inplace_update_support: 0
2023/08/23-22:08:40.522483 58b8                 Options.inplace_update_num_locks: 10000
2023/08/23-22:08:40.522494 58b8               Options.memtable_prefix_bloom_size_ratio: 0.000000
2023/08/23-22:08:40.522505 58b8               Options.memtable_whole_key_filtering: 0
2023/08/23-22:08:40.522515 58b8   Options.memtable_huge_page_size: 0
2023/08/23-22:08:40.522526 58b8                           Options.bloom_locality: 0
2023/08/23-22:08:40.522537 58b8                    Options.max_successive_merges: 0
2023/08/23-22:08:40.522547 58b8                Options.optimize_filters_for_hits: 0
2023/08/23-22:08:40.522558 58b8                Options.paranoid_file_checks: 0
2023/08/23-22:08:40.522568 58b8                Options.force_consistency_checks: 1
2023/08/23-22:08:40.522579 58b8                Options.report_bg_io_stats: 0
2023/08/23-22:08:40.522589 58b8                               Options.ttl: 0
2023/08/23-22:08:40.522600 58b8          Options.periodic_compaction_seconds: 0
2023/08/23-22:08:40.522610 58b8  Options.preclude_last_level_data_seconds: 0
2023/08/23-22:08:40.522621 58b8    Options.preserve_internal_time_seconds: 0
2023/08/23-22:08:40.522632 58b8                       Options.enable_blob_files: true
2023/08/23-22:08:40.522642 58b8                           Options.min_blob_size: 100
2023/08/23-22:08:40.522652 58b8                          Options.blob_file_size: 268435456
2023/08/23-22:08:40.522663 58b8                   Options.blob_compression_type: LZ4
2023/08/23-22:08:40.522674 58b8          Options.enable_blob_garbage_collection: false
2023/08/23-22:08:40.522686 58b8      Options.blob_garbage_collection_age_cutoff: 0.250000
2023/08/23-22:08:40.522698 58b8 Options.blob_garbage_collection_force_threshold: 1.000000
2023/08/23-22:08:40.522709 58b8          Options.blob_compaction_readahead_size: 0
2023/08/23-22:08:40.522720 58b8                Options.blob_file_starting_level: 0
2023/08/23-22:08:40.522731 58b8 Options.experimental_mempurge_threshold: 0.000000
2023/08/23-22:08:40.523335 58b8 [db\db_impl\db_impl.cc:3205] Created column family [] (ID 1)
2023/08/23-22:08:40.550945 58b8 [db\column_family.cc:621] --------------- Options for column family []:
2023/08/23-22:08:40.551015 58b8               Options.comparator: leveldb.BytewiseComparator
2023/08/23-22:08:40.551026 58b8           Options.merge_operator: None
2023/08/23-22:08:40.551036 58b8        Options.compaction_filter: None
2023/08/23-22:08:40.551045 58b8        Options.compaction_filter_factory: None
2023/08/23-22:08:40.551054 58b8  Options.sst_partitioner_factory: None
2023/08/23-22:08:40.551064 58b8         Options.memtable_factory: SkipListFactory
2023/08/23-22:08:40.551073 58b8            Options.table_factory: BlockBasedTable
2023/08/23-22:08:40.551135 58b8            table_factory options:   flush_block_policy_factory: FlushBlockBySizePolicyFactory (000001D386CE43A0)
  cache_index_and_filter_blocks: 0
  cache_index_and_filter_blocks_with_high_priority: 1
  pin_l0_filter_and_index_blocks_in_cache: 0
  pin_top_level_index_and_filter: 1
  index_type: 0
  data_block_index_type: 0
  index_shortening: 1
  data_block_hash_table_util_ratio: 0.750000
  checksum: 1
  no_block_cache: 0
  block_cache: 000001D3863E2ED0
  block_cache_name: LRUCache
  block_cache_options:
    capacity : 134217728
    num_shard_bits : 6
    strict_capacity_limit : 0
    memory_allocator : None
    high_pri_pool_ratio: 0.000
    low_pri_pool_ratio: 0.000
  persistent_cache: 0000000000000000
  block_size: 32768
  block_size_deviation: 10
  block_restart_interval: 16
  index_block_restart_interval: 1
  metadata_block_size: 4096
  partition_filters: 0
  use_delta_encoding: 1
  filter_policy: bloomfilter
  whole_key_filtering: 1
  verify_compression: 0
  read_amp_bytes_per_bit: 0
  format_version: 5
  enable_index_compression: 1
  block_align: 0
  max_auto_readahead_size: 262144
  prepopulate_block_cache: 0
  initial_auto_readahead_size: 8192
  num_file_reads_for_auto_readahead: 2
2023/08/23-22:08:40.551151 58b8        Options.write_buffer_size: 67108864
2023/08/23-22:08:40.551161 58b8  Options.max_write_buffer_number: 2
2023/08/23-22:08:40.551170 58b8          Options.compression: LZ4
2023/08/23-22:08:40.551179 58b8                  Options.bottommost_compression: Disabled
2023/08/23-22:08:40.551188 58b8       Options.prefix_extractor: nullptr
2023/08/23-22:08:40.551198 58b8   Options.memtable_insert_with_hint_prefix_extractor: nullptr
2023/08/23-22:08:40.551207 58b8             Options.num_levels: 7
2023/08/23-22:08:40.551216 58b8        Options.min_write_buffer_number_to_merge: 1
2023/08/23-22:08:40.551225 58b8     Options.max_write_buffer_number_to_maintain: 0
2023/08/23-22:08:40.551235 58b8     Options.max_write_buffer_size_to_maintain: 134217728
2023/08/23-22:08:40.551244 58b8            Options.bottommost_compression_opts.window_bits: -14
2023/08/23-22:08:40.551254 58b8                  Options.bottommost_compression_opts.level: 32767
2023/08/23-22:08:40.551263 58b8               Options.bottommost_compression_opts.strategy: 0
2023/08/23-22:08:40.551272 58b8         Options.bottommost_compression_opts.max_dict_bytes: 0
2023/08/23-22:08:40.551281 58b8         Options.bottommost_compression_opts.zstd_max_train_bytes: 0
2023/08/23-22:08:40.551290 58b8         Options.bottommost_compression_opts.parallel_threads: 1
2023/08/23-22:08:40.551300 58b8                  Options.bottommost_compression_opts.enabled: false
2023/08/23-22:08:40.551311 58b8         Options.bottommost_compression_opts.max_dict_buffer_bytes: 0
2023/08/23-22:08:40.551321 58b8         Options.bottommost_compression_opts.use_zstd_dict_trainer: true
2023/08/23-22:08:40.551331 58b8            Options.compression_opts.window_bits: -14
2023/08/23-22:08:40.551341 58b8                  Options.compression_opts.level: 32767
2023/08/23-22:08:40.551351 58b8               Options.compression_opts.strategy: 0
2023/08/23-22:08:40.551360 58b8         Options.compression_opts.max_dict_bytes: 0
2023/08/23-22:08:40.551370 58b8         Options.compression_opts.zstd_max_train_bytes: 0
2023/08/23-22:08:40.551380 58b8         Options.compression_opts.use_zstd_dict_trainer: true
2023/08/23-22:08:40.551390 58b8         Options.compression_opts.parallel_threads: 1
2023/08/23-22:08:40.551400 58b8                  Options.compression_opts.enabled: false
2023/08/23-22:08:40.551410 58b8         Options.compression_opts.max_dict_buffer_bytes: 0
2023/08/23-22:08:40.551420 58b8      Options.level0_file_num_compaction_trigger: 4
2023/08/23-22:08:40.551430 58b8          Options.level0_slowdown_writes_trigger: 20
2023/08/23-22:08:40.551440 58b8              Options.level0_stop_writes_trigger: 36
2023/08/23-22:08:40.551452 58b8                   Options.target_file_size_base: 67108864
2023/08/23-22:08:40.551461 58b8             Options.target_file_size_multiplier: 1
2023/08/23-22:08:40.551552 58b8                Options.max_bytes_for_level_base: 268435456
2023/08/23-22:08:40.551564 58b8 Options.level_compaction_dynamic_level_bytes: 0
2023/08/23-22:08:40.551576 58b8          Options.max_bytes_for_level_multiplier: 10.000000
2023/08/23-22:08:40.551587 58b8 Options.max_bytes_for_level_multiplier_addtl[0]: 1
2023/08/23-22:08:40.551597 58b8 Options.max_bytes_for_level_multiplier_addtl[1]: 1
2023/08/23-22:08:40.551608 58b8 Options.max_bytes_for_level_multiplier_addtl[2]: 1
2023/08/23-22:08:40.551617 58b8 Options.max_bytes_for_level_multiplier_addtl[3]: 1
2023/08/23-22:08:40.551627 58b8 Options.max_bytes_for_level_multiplier_addtl[4]: 1
2023/08/23-22:08:40.551637 58b8 Options.max_bytes_for_level_multiplier_addtl[5]: 1
2023/08/23-22:08:40.551647 58b8 Options.max_bytes_for_level_multiplier_addtl[6]: 1
2023/08/23-22:08:40.551656 58b8       Options.max_sequential_skip_in_iterations: 8
2023/08/23-22:08:40.551667 58b8                    Options.max_compaction_bytes: 1677721600
2023/08/23-22:08:40.551676 58b8   Options.ignore_max_compaction_bytes_for_input: true
2023/08/23-22:08:40.551686 58b8                        Options.arena_block_size: 1048576
2023/08/23-22:08:40.551696 58b8   Options.soft_pending_compaction_bytes_limit: 68719476736
2023/08/23-22:08:40.551707 58b8   Options.hard_pending_compaction_bytes_limit: 274877906944
2023/08/23-22:08:40.551717 58b8                Options.disable_auto_compactions: 1
2023/08/23-22:08:40.551730 58b8                        Options.compaction_style: kCompactionStyleLevel
2023/08/23-22:08:40.551740 58b8                          Options.compaction_pri: kMinOverlappingRatio
2023/08/23-22:08:40.551750 58b8 Options.compaction_options_universal.size_ratio: 1
2023/08/23-22:08:40.551760 58b8 Options.compaction_options_universal.min_merge_width: 2
2023/08/23-22:08:40.551770 58b8 Options.compaction_options_universal.max_merge_width: 4294967295
2023/08/23-22:08:40.551780 58b8 Options.compaction_options_universal.max_size_amplification_percent: 200
2023/08/23-22:08:40.551790 58b8 Options.compaction_options_universal.compression_size_percent: -1
2023/08/23-22:08:40.551802 58b8 Options.compaction_options_universal.stop_style: kCompactionStopStyleTotalSize
2023/08/23-22:08:40.551812 58b8 Options.compaction_options_fifo.max_table_files_size: 1073741824
2023/08/23-22:08:40.551822 58b8 Options.compaction_options_fifo.allow_compaction: 0
2023/08/23-22:08:40.551837 58b8                   Options.table_properties_collectors: 
2023/08/23-22:08:40.551847 58b8                   Options.inplace_update_support: 0
2023/08/23-22:08:40.551859 58b8                 Options.inplace_update_num_locks: 10000
2023/08/23-22:08:40.551870 58b8               Options.memtable_prefix_bloom_size_ratio: 0.000000
2023/08/23-22:08:40.551880 58b8               Options.memtable_whole_key_filtering: 0
2023/08/23-22:08:40.551890 58b8   Options.memtable_huge_page_size: 0
2023/08/23-22:08:40.551900 58b8                           Options.bloom_locality: 0
2023/08/23-22:08:40.551910 58b8                    Options.max_successive_merges: 0
2023/08/23-22:08:40.551921 58b8                Options.optimize_filters_for_hits: 0
2023/08/23-22:08:40.551932 58b8                Options.paranoid_file_checks: 0
2023/08/23-22:08:40.551941 58b8                Options.force_consistency_checks: 1
2023/08/23-22:08:40.551953 58b8                Options.report_bg_io_stats: 0
2023/08/23-22:08:40.551963 58b8                               Options.ttl: 0
2023/08/23-22:08:40.552085 58b8          Options.periodic_compaction_seconds: 0
2023/08/23-22:08:40.552096 58b8  Options.preclude_last_level_data_seconds: 0
2023/08/23-22:08:40.552106 58b8    Options.preserve_internal_time_seconds: 0
2023/08/23-22:08:40.552116 58b8                       Options.enable_blob_files: false
2023/08/23-22:08:40.552126 58b8                           Options.min_blob_size: 0
2023/08/23-22:08:40.552136 58b8                          Options.blob_file_size: 268435456
2023/08/23-22:08:40.552146 58b8                   Options.blob_compression_type: NoCompression
2023/08/23-22:08:40.552185 58b8          Options.enable_blob_garbage_collection: false
2023/08/23-22:08:40.552199 58b8      Options.blob_garbage_collection_age_cutoff: 0.250000
2023/08/23-22:08:40.552211 58b8 Options.blob_garbage_collection_force_threshold: 1.000000
2023/08/23-22:08:40.552222 58b8          Options.blob_compaction_readahead_size: 0
2023/08/23-22:08:40.552231 58b8                Options.blob_file_starting_level: 0
2023/08/23-22:08:40.552241 58b8 Options.experimental_mempurge_threshold: 0.000000
2023/08/23-22:08:40.552763 58b8 [db\db_impl\db_impl.cc:3205] Created column family [] (ID 2)
2023/08/23-22:08:40.578912 58b8 [db\column_family.cc:621] --------------- Options for column family []:
2023/08/23-22:08:40.578975 58b8               Options.comparator: leveldb.BytewiseComparator
2023/08/23-22:08:40.578986 58b8           Options.merge_operator: None
2023/08/23-22:08:40.578996 58b8        Options.compaction_filter: None
2023/08/23-22:08:40.579005 58b8        Options.compaction_filter_factory: None
2023/08/23-22:08:40.579013 58b8  Options.sst_partitioner_factory: None
2023/08/23-22:08:40.579023 58b8         Options.memtable_factory: SkipListFactory
2023/08/23-22:08:40.579032 58b8            Options.table_factory: BlockBasedTable
2023/08/23-22:08:40.579085 58b8            table_factory options:   flush_block_policy_factory: FlushBlockBySizePolicyFactory (000001D386CE4E50)
  cache_index_and_filter_blocks: 0
  cache_index_and_filter_blocks_with_high_priority: 1
  pin_l0_filter_and_index_blocks_in_cache: 0
  pin_top_level_index_and_filter: 1
  index_type: 0
  data_block_index_type: 0
  index_shortening: 1
  data_block_hash_table_util_ratio: 0.750000
  checksum: 1
  no_block_cache: 0
  block_cache: 000001D3863E2390
  block_cache_name: LRUCache
  block_cache_options:
    capacity : 134217728
    num_shard_bits : 6
    strict_capacity_limit : 0
    memory_allocator : None
    high_pri_pool_ratio: 0.000
    low_pri_pool_ratio: 0.000
  persistent_cache: 0000000000000000
  block_size: 32768
  block_size_deviation: 10
  block_restart_interval: 16
  index_block_restart_interval: 1
  metadata_block_size: 4096
  partition_filters: 0
  use_delta_encoding: 1
  filter_policy: bloomfilter
  whole_key_filtering: 1
  verify_compression: 0
  read_amp_bytes_per_bit: 0
  format_version: 5
  enable_index_compression: 1
  block_align: 0
  max_auto_readahead_size: 262144
  prepopulate_block_cache: 0
  initial_auto_readahead_size: 8192
  num_file_reads_for_auto_readahead: 2
2023/08/23-22:08:40.579095 58b8        Options.write_buffer_size: 67108864
2023/08/23-22:08:40.579105 58b8  Options.max_write_buffer_number: 2
2023/08/23-22:08:40.579114 58b8          Options.compression: LZ4
2023/08/23-22:08:40.579123 58b8                  Options.bottommost_compression: Disabled
2023/08/23-22:08:40.579133 58b8       Options.prefix_extractor: nullptr
2023/08/23-22:08:40.579142 58b8   Options.memtable_insert_with_hint_prefix_extractor: nullptr
2023/08/23-22:08:40.579152 58b8             Options.num_levels: 7
