2023/08/23-22:06:42.273174 310c RocksDB version: 8.0.0
2023/08/23-22:06:42.273357 310c Git sha fdf403f5918a2b4355cf75ebe5e21d0fc22db880
2023/08/23-22:06:42.273375 310c Compile date 2023-03-21 23:33:48
2023/08/23-22:06:42.273392 310c DB SUMMARY
2023/08/23-22:06:42.273402 310c DB Session ID:  L8P06YEP7D4NVQ6G83FR
2023/08/23-22:06:42.273628 310c SST files in C:\Users\abhir\OneDrive\Desktop\IBFT-Network\node1\data\database dir, Total Num: 0, files: 
2023/08/23-22:06:42.273640 310c Write Ahead Log file in C:\Users\abhir\OneDrive\Desktop\IBFT-Network\node1\data\database: 
2023/08/23-22:06:42.273654 310c                         Options.error_if_exists: 0
2023/08/23-22:06:42.273664 310c                       Options.create_if_missing: 1
2023/08/23-22:06:42.273673 310c                         Options.paranoid_checks: 1
2023/08/23-22:06:42.274881 310c             Options.flush_verify_memtable_count: 1
2023/08/23-22:06:42.274893 310c                               Options.track_and_verify_wals_in_manifest: 0
2023/08/23-22:06:42.274898 310c        Options.verify_sst_unique_id_in_manifest: 1
2023/08/23-22:06:42.274903 310c                                     Options.env: 0000024B7E1A8DA0
2023/08/23-22:06:42.274908 310c                                      Options.fs: WinFS
2023/08/23-22:06:42.274912 310c                                Options.info_log: 0000024B7E9A26A0
2023/08/23-22:06:42.274916 310c                Options.max_file_opening_threads: 16
2023/08/23-22:06:42.274921 310c                              Options.statistics: 0000024B7D791DE0
2023/08/23-22:06:42.274925 310c                               Options.use_fsync: 0
2023/08/23-22:06:42.274929 310c                       Options.max_log_file_size: 0
2023/08/23-22:06:42.274933 310c                  Options.max_manifest_file_size: 1073741824
2023/08/23-22:06:42.274937 310c                   Options.log_file_time_to_roll: 86400
2023/08/23-22:06:42.274942 310c                       Options.keep_log_file_num: 7
2023/08/23-22:06:42.274946 310c                    Options.recycle_log_file_num: 0
2023/08/23-22:06:42.274950 310c                         Options.allow_fallocate: 1
2023/08/23-22:06:42.274954 310c                        Options.allow_mmap_reads: 0
2023/08/23-22:06:42.274958 310c                       Options.allow_mmap_writes: 0
2023/08/23-22:06:42.274963 310c                        Options.use_direct_reads: 0
2023/08/23-22:06:42.274967 310c                        Options.use_direct_io_for_flush_and_compaction: 0
2023/08/23-22:06:42.274971 310c          Options.create_missing_column_families: 1
2023/08/23-22:06:42.274975 310c                              Options.db_log_dir: 
2023/08/23-22:06:42.274979 310c                                 Options.wal_dir: 
2023/08/23-22:06:42.274983 310c                Options.table_cache_numshardbits: 6
2023/08/23-22:06:42.274988 310c                         Options.WAL_ttl_seconds: 0
2023/08/23-22:06:42.274992 310c                       Options.WAL_size_limit_MB: 0
2023/08/23-22:06:42.274996 310c                        Options.max_write_batch_group_size_bytes: 1048576
2023/08/23-22:06:42.275000 310c             Options.manifest_preallocation_size: 4194304
2023/08/23-22:06:42.275004 310c                     Options.is_fd_close_on_exec: 1
2023/08/23-22:06:42.275008 310c                   Options.advise_random_on_open: 1
2023/08/23-22:06:42.275012 310c                    Options.db_write_buffer_size: 0
2023/08/23-22:06:42.275016 310c                    Options.write_buffer_manager: 0000024B7E1A9340
2023/08/23-22:06:42.275021 310c         Options.access_hint_on_compaction_start: 1
2023/08/23-22:06:42.275025 310c           Options.random_access_max_buffer_size: 1048576
2023/08/23-22:06:42.275029 310c                      Options.use_adaptive_mutex: 0
2023/08/23-22:06:42.275033 310c                            Options.rate_limiter: 0000000000000000
2023/08/23-22:06:42.275037 310c     Options.sst_file_manager.rate_bytes_per_sec: 0
2023/08/23-22:06:42.275042 310c                       Options.wal_recovery_mode: 2
2023/08/23-22:06:42.275046 310c                  Options.enable_thread_tracking: 0
2023/08/23-22:06:42.275072 310c                  Options.enable_pipelined_write: 0
2023/08/23-22:06:42.275078 310c                  Options.unordered_write: 0
2023/08/23-22:06:42.275082 310c         Options.allow_concurrent_memtable_write: 1
2023/08/23-22:06:42.275086 310c      Options.enable_write_thread_adaptive_yield: 1
2023/08/23-22:06:42.275090 310c             Options.write_thread_max_yield_usec: 100
2023/08/23-22:06:42.275094 310c            Options.write_thread_slow_yield_usec: 3
2023/08/23-22:06:42.275098 310c                               Options.row_cache: None
2023/08/23-22:06:42.275103 310c                              Options.wal_filter: None
2023/08/23-22:06:42.275107 310c             Options.avoid_flush_during_recovery: 0
2023/08/23-22:06:42.275111 310c             Options.allow_ingest_behind: 0
2023/08/23-22:06:42.275115 310c             Options.two_write_queues: 0
2023/08/23-22:06:42.275119 310c             Options.manual_wal_flush: 0
2023/08/23-22:06:42.275123 310c             Options.wal_compression: 0
2023/08/23-22:06:42.275127 310c             Options.atomic_flush: 0
2023/08/23-22:06:42.275131 310c             Options.avoid_unnecessary_blocking_io: 0
2023/08/23-22:06:42.275135 310c                 Options.persist_stats_to_disk: 0
2023/08/23-22:06:42.275139 310c                 Options.write_dbid_to_manifest: 0
2023/08/23-22:06:42.275144 310c                 Options.log_readahead_size: 0
2023/08/23-22:06:42.275148 310c                 Options.file_checksum_gen_factory: Unknown
2023/08/23-22:06:42.275152 310c                 Options.best_efforts_recovery: 0
2023/08/23-22:06:42.275156 310c                Options.max_bgerror_resume_count: 2147483647
2023/08/23-22:06:42.275161 310c            Options.bgerror_resume_retry_interval: 1000000
2023/08/23-22:06:42.275165 310c             Options.allow_data_in_errors: 0
2023/08/23-22:06:42.275169 310c             Options.db_host_id: __hostname__
2023/08/23-22:06:42.275173 310c             Options.enforce_single_del_contracts: true
2023/08/23-22:06:42.275177 310c             Options.max_background_jobs: 2
2023/08/23-22:06:42.275181 310c             Options.max_background_compactions: -1
2023/08/23-22:06:42.275185 310c             Options.max_subcompactions: 1
2023/08/23-22:06:42.275189 310c             Options.avoid_flush_during_shutdown: 0
2023/08/23-22:06:42.275194 310c           Options.writable_file_max_buffer_size: 1048576
2023/08/23-22:06:42.275198 310c             Options.delayed_write_rate : 16777216
2023/08/23-22:06:42.275202 310c             Options.max_total_wal_size: 0
2023/08/23-22:06:42.275206 310c             Options.delete_obsolete_files_period_micros: 21600000000
2023/08/23-22:06:42.275210 310c                   Options.stats_dump_period_sec: 600
2023/08/23-22:06:42.275215 310c                 Options.stats_persist_period_sec: 600
2023/08/23-22:06:42.275219 310c                 Options.stats_history_buffer_size: 1048576
2023/08/23-22:06:42.275223 310c                          Options.max_open_files: 1024
2023/08/23-22:06:42.275227 310c                          Options.bytes_per_sync: 0
2023/08/23-22:06:42.275231 310c                      Options.wal_bytes_per_sync: 0
2023/08/23-22:06:42.275235 310c                   Options.strict_bytes_per_sync: 0
2023/08/23-22:06:42.275239 310c       Options.compaction_readahead_size: 0
2023/08/23-22:06:42.275243 310c                  Options.max_background_flushes: -1
2023/08/23-22:06:42.275255 310c Compression algorithms supported:
2023/08/23-22:06:42.275260 310c 	kZSTD supported: 1
2023/08/23-22:06:42.275264 310c 	kSnappyCompression supported: 1
2023/08/23-22:06:42.275268 310c 	kBZip2Compression supported: 0
2023/08/23-22:06:42.275272 310c 	kZlibCompression supported: 1
2023/08/23-22:06:42.275276 310c 	kLZ4Compression supported: 1
2023/08/23-22:06:42.275280 310c 	kXpressCompression supported: 0
2023/08/23-22:06:42.275284 310c 	kLZ4HCCompression supported: 1
2023/08/23-22:06:42.275288 310c 	kZSTDNotFinalCompression supported: 1
2023/08/23-22:06:42.275301 310c Fast CRC32 supported: Supported on x86
2023/08/23-22:06:42.275320 310c DMutex implementation: std::mutex
2023/08/23-22:06:42.282352 310c [db\db_impl\db_impl_open.cc:315] Creating manifest 1 
2023/08/23-22:06:42.294539 310c [db\version_set.cc:5658] Recovering from manifest file: C:\Users\abhir\OneDrive\Desktop\IBFT-Network\node1\data\database/MANIFEST-000001
2023/08/23-22:06:42.294811 310c [db\column_family.cc:621] --------------- Options for column family [default]:
2023/08/23-22:06:42.294824 310c               Options.comparator: leveldb.BytewiseComparator
2023/08/23-22:06:42.294829 310c           Options.merge_operator: None
2023/08/23-22:06:42.294833 310c        Options.compaction_filter: None
2023/08/23-22:06:42.294838 310c        Options.compaction_filter_factory: None
2023/08/23-22:06:42.294842 310c  Options.sst_partitioner_factory: None
2023/08/23-22:06:42.294846 310c         Options.memtable_factory: SkipListFactory
2023/08/23-22:06:42.294850 310c            Options.table_factory: BlockBasedTable
2023/08/23-22:06:42.294882 310c            table_factory options:   flush_block_policy_factory: FlushBlockBySizePolicyFactory (0000024B425C0DE0)
  cache_index_and_filter_blocks: 0
  cache_index_and_filter_blocks_with_high_priority: 1
  pin_l0_filter_and_index_blocks_in_cache: 0
  pin_top_level_index_and_filter: 1
  index_type: 0
  data_block_index_type: 0
  index_shortening: 1
  data_block_hash_table_util_ratio: 0.750000
  checksum: 1
  no_block_cache: 0
  block_cache: 0000024B7E0B99C0
  block_cache_name: LRUCache
  block_cache_options:
    capacity : 134217728
    num_shard_bits : 6
    strict_capacity_limit : 0
    memory_allocator : None
    high_pri_pool_ratio: 0.000
    low_pri_pool_ratio: 0.000
  persistent_cache: 0000000000000000
  block_size: 32768
  block_size_deviation: 10
  block_restart_interval: 16
  index_block_restart_interval: 1
  metadata_block_size: 4096
  partition_filters: 0
  use_delta_encoding: 1
  filter_policy: bloomfilter
  whole_key_filtering: 1
  verify_compression: 0
  read_amp_bytes_per_bit: 0
  format_version: 5
  enable_index_compression: 1
  block_align: 0
  max_auto_readahead_size: 262144
  prepopulate_block_cache: 0
  initial_auto_readahead_size: 8192
  num_file_reads_for_auto_readahead: 2
2023/08/23-22:06:42.294887 310c        Options.write_buffer_size: 67108864
2023/08/23-22:06:42.294891 310c  Options.max_write_buffer_number: 2
2023/08/23-22:06:42.294896 310c          Options.compression: LZ4
2023/08/23-22:06:42.294900 310c                  Options.bottommost_compression: Disabled
2023/08/23-22:06:42.294905 310c       Options.prefix_extractor: nullptr
2023/08/23-22:06:42.294909 310c   Options.memtable_insert_with_hint_prefix_extractor: nullptr
2023/08/23-22:06:42.294913 310c             Options.num_levels: 7
2023/08/23-22:06:42.294917 310c        Options.min_write_buffer_number_to_merge: 1
2023/08/23-22:06:42.294921 310c     Options.max_write_buffer_number_to_maintain: 0
2023/08/23-22:06:42.294926 310c     Options.max_write_buffer_size_to_maintain: 134217728
2023/08/23-22:06:42.294930 310c            Options.bottommost_compression_opts.window_bits: -14
2023/08/23-22:06:42.294935 310c                  Options.bottommost_compression_opts.level: 32767
2023/08/23-22:06:42.294939 310c               Options.bottommost_compression_opts.strategy: 0
2023/08/23-22:06:42.294944 310c         Options.bottommost_compression_opts.max_dict_bytes: 0
2023/08/23-22:06:42.294948 310c         Options.bottommost_compression_opts.zstd_max_train_bytes: 0
2023/08/23-22:06:42.294952 310c         Options.bottommost_compression_opts.parallel_threads: 1
2023/08/23-22:06:42.294957 310c                  Options.bottommost_compression_opts.enabled: false
2023/08/23-22:06:42.294961 310c         Options.bottommost_compression_opts.max_dict_buffer_bytes: 0
2023/08/23-22:06:42.294966 310c         Options.bottommost_compression_opts.use_zstd_dict_trainer: true
2023/08/23-22:06:42.294970 310c            Options.compression_opts.window_bits: -14
2023/08/23-22:06:42.294975 310c                  Options.compression_opts.level: 32767
2023/08/23-22:06:42.294980 310c               Options.compression_opts.strategy: 0
2023/08/23-22:06:42.294986 310c         Options.compression_opts.max_dict_bytes: 0
2023/08/23-22:06:42.294991 310c         Options.compression_opts.zstd_max_train_bytes: 0
2023/08/23-22:06:42.294995 310c         Options.compression_opts.use_zstd_dict_trainer: true
2023/08/23-22:06:42.294999 310c         Options.compression_opts.parallel_threads: 1
2023/08/23-22:06:42.295004 310c                  Options.compression_opts.enabled: false
2023/08/23-22:06:42.295008 310c         Options.compression_opts.max_dict_buffer_bytes: 0
2023/08/23-22:06:42.295012 310c      Options.level0_file_num_compaction_trigger: 4
2023/08/23-22:06:42.295016 310c          Options.level0_slowdown_writes_trigger: 20
2023/08/23-22:06:42.295021 310c              Options.level0_stop_writes_trigger: 36
2023/08/23-22:06:42.295025 310c                   Options.target_file_size_base: 67108864
2023/08/23-22:06:42.295029 310c             Options.target_file_size_multiplier: 1
2023/08/23-22:06:42.295033 310c                Options.max_bytes_for_level_base: 268435456
2023/08/23-22:06:42.295038 310c Options.level_compaction_dynamic_level_bytes: 0
2023/08/23-22:06:42.295043 310c          Options.max_bytes_for_level_multiplier: 10.000000
2023/08/23-22:06:42.295048 310c Options.max_bytes_for_level_multiplier_addtl[0]: 1
2023/08/23-22:06:42.295052 310c Options.max_bytes_for_level_multiplier_addtl[1]: 1
2023/08/23-22:06:42.295056 310c Options.max_bytes_for_level_multiplier_addtl[2]: 1
2023/08/23-22:06:42.295061 310c Options.max_bytes_for_level_multiplier_addtl[3]: 1
2023/08/23-22:06:42.295065 310c Options.max_bytes_for_level_multiplier_addtl[4]: 1
2023/08/23-22:06:42.295069 310c Options.max_bytes_for_level_multiplier_addtl[5]: 1
2023/08/23-22:06:42.295073 310c Options.max_bytes_for_level_multiplier_addtl[6]: 1
2023/08/23-22:06:42.295078 310c       Options.max_sequential_skip_in_iterations: 8
2023/08/23-22:06:42.295082 310c                    Options.max_compaction_bytes: 1677721600
2023/08/23-22:06:42.295086 310c   Options.ignore_max_compaction_bytes_for_input: true
2023/08/23-22:06:42.295091 310c                        Options.arena_block_size: 1048576
2023/08/23-22:06:42.295095 310c   Options.soft_pending_compaction_bytes_limit: 68719476736
2023/08/23-22:06:42.295099 310c   Options.hard_pending_compaction_bytes_limit: 274877906944
2023/08/23-22:06:42.295103 310c                Options.disable_auto_compactions: 1
2023/08/23-22:06:42.295108 310c                        Options.compaction_style: kCompactionStyleLevel
2023/08/23-22:06:42.295113 310c                          Options.compaction_pri: kMinOverlappingRatio
2023/08/23-22:06:42.295117 310c Options.compaction_options_universal.size_ratio: 1
2023/08/23-22:06:42.295122 310c Options.compaction_options_universal.min_merge_width: 2
2023/08/23-22:06:42.295126 310c Options.compaction_options_universal.max_merge_width: 4294967295
2023/08/23-22:06:42.295131 310c Options.compaction_options_universal.max_size_amplification_percent: 200
2023/08/23-22:06:42.295135 310c Options.compaction_options_universal.compression_size_percent: -1
2023/08/23-22:06:42.295143 310c Options.compaction_options_universal.stop_style: kCompactionStopStyleTotalSize
2023/08/23-22:06:42.295148 310c Options.compaction_options_fifo.max_table_files_size: 1073741824
2023/08/23-22:06:42.295153 310c Options.compaction_options_fifo.allow_compaction: 0
2023/08/23-22:06:42.295158 310c                   Options.table_properties_collectors: 
2023/08/23-22:06:42.295163 310c                   Options.inplace_update_support: 0
2023/08/23-22:06:42.295167 310c                 Options.inplace_update_num_locks: 10000
2023/08/23-22:06:42.295172 310c               Options.memtable_prefix_bloom_size_ratio: 0.000000
2023/08/23-22:06:42.295176 310c               Options.memtable_whole_key_filtering: 0
2023/08/23-22:06:42.295180 310c   Options.memtable_huge_page_size: 0
2023/08/23-22:06:42.295185 310c                           Options.bloom_locality: 0
2023/08/23-22:06:42.295189 310c                    Options.max_successive_merges: 0
2023/08/23-22:06:42.295220 310c                Options.optimize_filters_for_hits: 0
2023/08/23-22:06:42.295226 310c                Options.paranoid_file_checks: 0
2023/08/23-22:06:42.295230 310c                Options.force_consistency_checks: 1
2023/08/23-22:06:42.295234 310c                Options.report_bg_io_stats: 0
2023/08/23-22:06:42.295238 310c                               Options.ttl: 0
2023/08/23-22:06:42.295243 310c          Options.periodic_compaction_seconds: 0
2023/08/23-22:06:42.295247 310c  Options.preclude_last_level_data_seconds: 0
2023/08/23-22:06:42.295251 310c    Options.preserve_internal_time_seconds: 0
2023/08/23-22:06:42.295255 310c                       Options.enable_blob_files: false
2023/08/23-22:06:42.295260 310c                           Options.min_blob_size: 0
2023/08/23-22:06:42.295264 310c                          Options.blob_file_size: 268435456
2023/08/23-22:06:42.295269 310c                   Options.blob_compression_type: NoCompression
2023/08/23-22:06:42.295274 310c          Options.enable_blob_garbage_collection: false
2023/08/23-22:06:42.295279 310c      Options.blob_garbage_collection_age_cutoff: 0.250000
2023/08/23-22:06:42.295283 310c Options.blob_garbage_collection_force_threshold: 1.000000
2023/08/23-22:06:42.295288 310c          Options.blob_compaction_readahead_size: 0
2023/08/23-22:06:42.295292 310c                Options.blob_file_starting_level: 0
2023/08/23-22:06:42.295296 310c Options.experimental_mempurge_threshold: 0.000000
2023/08/23-22:06:42.297101 310c [db\version_set.cc:5709] Recovered from manifest file:C:\Users\abhir\OneDrive\Desktop\IBFT-Network\node1\data\database/MANIFEST-000001 succeeded,manifest_file_number is 1, next_file_number is 3, last_sequence is 0, log_number is 0,prev_log_number is 0,max_column_family is 0,min_log_number_to_keep is 0
2023/08/23-22:06:42.297114 310c [db\version_set.cc:5718] Column family [default] (ID 0), log number is 0
2023/08/23-22:06:42.297372 310c [db\db_impl\db_impl_open.cc:537] DB ID: 3d0554c8-41d3-11ee-8401-d34e9aae0e5c
2023/08/23-22:06:42.298575 310c [db\version_set.cc:5176] Creating manifest 5
2023/08/23-22:06:42.310141 310c [db\column_family.cc:621] --------------- Options for column family []:
2023/08/23-22:06:42.310159 310c               Options.comparator: leveldb.BytewiseComparator
2023/08/23-22:06:42.310164 310c           Options.merge_operator: None
2023/08/23-22:06:42.310168 310c        Options.compaction_filter: None
2023/08/23-22:06:42.310172 310c        Options.compaction_filter_factory: None
2023/08/23-22:06:42.310176 310c  Options.sst_partitioner_factory: None
2023/08/23-22:06:42.310180 310c         Options.memtable_factory: SkipListFactory
2023/08/23-22:06:42.310184 310c            Options.table_factory: BlockBasedTable
2023/08/23-22:06:42.310208 310c            table_factory options:   flush_block_policy_factory: FlushBlockBySizePolicyFactory (0000024B425BD090)
  cache_index_and_filter_blocks: 0
  cache_index_and_filter_blocks_with_high_priority: 1
  pin_l0_filter_and_index_blocks_in_cache: 0
  pin_top_level_index_and_filter: 1
  index_type: 0
  data_block_index_type: 0
  index_shortening: 1
  data_block_hash_table_util_ratio: 0.750000
  checksum: 1
  no_block_cache: 0
  block_cache: 0000024B7E0BBA00
  block_cache_name: LRUCache
  block_cache_options:
    capacity : 134217728
    num_shard_bits : 6
    strict_capacity_limit : 0
    memory_allocator : None
    high_pri_pool_ratio: 0.000
    low_pri_pool_ratio: 0.000
  persistent_cache: 0000000000000000
  block_size: 32768
  block_size_deviation: 10
  block_restart_interval: 16
  index_block_restart_interval: 1
  metadata_block_size: 4096
  partition_filters: 0
  use_delta_encoding: 1
  filter_policy: bloomfilter
  whole_key_filtering: 1
  verify_compression: 0
  read_amp_bytes_per_bit: 0
  format_version: 5
  enable_index_compression: 1
  block_align: 0
  max_auto_readahead_size: 262144
  prepopulate_block_cache: 0
  initial_auto_readahead_size: 8192
  num_file_reads_for_auto_readahead: 2
2023/08/23-22:06:42.310214 310c        Options.write_buffer_size: 67108864
2023/08/23-22:06:42.310220 310c  Options.max_write_buffer_number: 2
2023/08/23-22:06:42.310225 310c          Options.compression: LZ4
2023/08/23-22:06:42.310229 310c                  Options.bottommost_compression: Disabled
2023/08/23-22:06:42.310233 310c       Options.prefix_extractor: nullptr
2023/08/23-22:06:42.310237 310c   Options.memtable_insert_with_hint_prefix_extractor: nullptr
2023/08/23-22:06:42.310241 310c             Options.num_levels: 7
2023/08/23-22:06:42.310245 310c        Options.min_write_buffer_number_to_merge: 1
2023/08/23-22:06:42.310249 310c     Options.max_write_buffer_number_to_maintain: 0
2023/08/23-22:06:42.310254 310c     Options.max_write_buffer_size_to_maintain: 134217728
2023/08/23-22:06:42.310258 310c            Options.bottommost_compression_opts.window_bits: -14
2023/08/23-22:06:42.310262 310c                  Options.bottommost_compression_opts.level: 32767
2023/08/23-22:06:42.310266 310c               Options.bottommost_compression_opts.strategy: 0
2023/08/23-22:06:42.310270 310c         Options.bottommost_compression_opts.max_dict_bytes: 0
2023/08/23-22:06:42.310274 310c         Options.bottommost_compression_opts.zstd_max_train_bytes: 0
2023/08/23-22:06:42.310279 310c         Options.bottommost_compression_opts.parallel_threads: 1
2023/08/23-22:06:42.310283 310c                  Options.bottommost_compression_opts.enabled: false
2023/08/23-22:06:42.310287 310c         Options.bottommost_compression_opts.max_dict_buffer_bytes: 0
2023/08/23-22:06:42.310291 310c         Options.bottommost_compression_opts.use_zstd_dict_trainer: true
2023/08/23-22:06:42.310295 310c            Options.compression_opts.window_bits: -14
2023/08/23-22:06:42.310303 310c                  Options.compression_opts.level: 32767
2023/08/23-22:06:42.310307 310c               Options.compression_opts.strategy: 0
2023/08/23-22:06:42.310311 310c         Options.compression_opts.max_dict_bytes: 0
2023/08/23-22:06:42.310315 310c         Options.compression_opts.zstd_max_train_bytes: 0
2023/08/23-22:06:42.310319 310c         Options.compression_opts.use_zstd_dict_trainer: true
2023/08/23-22:06:42.310323 310c         Options.compression_opts.parallel_threads: 1
2023/08/23-22:06:42.310328 310c                  Options.compression_opts.enabled: false
2023/08/23-22:06:42.310332 310c         Options.compression_opts.max_dict_buffer_bytes: 0
2023/08/23-22:06:42.310336 310c      Options.level0_file_num_compaction_trigger: 4
2023/08/23-22:06:42.310341 310c          Options.level0_slowdown_writes_trigger: 20
2023/08/23-22:06:42.310345 310c              Options.level0_stop_writes_trigger: 36
2023/08/23-22:06:42.310349 310c                   Options.target_file_size_base: 67108864
2023/08/23-22:06:42.310353 310c             Options.target_file_size_multiplier: 1
2023/08/23-22:06:42.310357 310c                Options.max_bytes_for_level_base: 268435456
2023/08/23-22:06:42.310361 310c Options.level_compaction_dynamic_level_bytes: 0
2023/08/23-22:06:42.310366 310c          Options.max_bytes_for_level_multiplier: 10.000000
2023/08/23-22:06:42.310371 310c Options.max_bytes_for_level_multiplier_addtl[0]: 1
2023/08/23-22:06:42.310375 310c Options.max_bytes_for_level_multiplier_addtl[1]: 1
2023/08/23-22:06:42.310379 310c Options.max_bytes_for_level_multiplier_addtl[2]: 1
2023/08/23-22:06:42.310383 310c Options.max_bytes_for_level_multiplier_addtl[3]: 1
2023/08/23-22:06:42.310387 310c Options.max_bytes_for_level_multiplier_addtl[4]: 1
2023/08/23-22:06:42.310392 310c Options.max_bytes_for_level_multiplier_addtl[5]: 1
2023/08/23-22:06:42.310396 310c Options.max_bytes_for_level_multiplier_addtl[6]: 1
2023/08/23-22:06:42.310400 310c       Options.max_sequential_skip_in_iterations: 8
2023/08/23-22:06:42.310404 310c                    Options.max_compaction_bytes: 1677721600
2023/08/23-22:06:42.310408 310c   Options.ignore_max_compaction_bytes_for_input: true
2023/08/23-22:06:42.310413 310c                        Options.arena_block_size: 1048576
2023/08/23-22:06:42.310417 310c   Options.soft_pending_compaction_bytes_limit: 68719476736
2023/08/23-22:06:42.310422 310c   Options.hard_pending_compaction_bytes_limit: 274877906944
2023/08/23-22:06:42.310426 310c                Options.disable_auto_compactions: 1
2023/08/23-22:06:42.310431 310c                        Options.compaction_style: kCompactionStyleLevel
2023/08/23-22:06:42.310436 310c                          Options.compaction_pri: kMinOverlappingRatio
2023/08/23-22:06:42.310440 310c Options.compaction_options_universal.size_ratio: 1
2023/08/23-22:06:42.310444 310c Options.compaction_options_universal.min_merge_width: 2
2023/08/23-22:06:42.310449 310c Options.compaction_options_universal.max_merge_width: 4294967295
2023/08/23-22:06:42.310453 310c Options.compaction_options_universal.max_size_amplification_percent: 200
2023/08/23-22:06:42.310457 310c Options.compaction_options_universal.compression_size_percent: -1
2023/08/23-22:06:42.310462 310c Options.compaction_options_universal.stop_style: kCompactionStopStyleTotalSize
2023/08/23-22:06:42.310466 310c Options.compaction_options_fifo.max_table_files_size: 1073741824
2023/08/23-22:06:42.310471 310c Options.compaction_options_fifo.allow_compaction: 0
2023/08/23-22:06:42.310476 310c                   Options.table_properties_collectors: 
2023/08/23-22:06:42.310481 310c                   Options.inplace_update_support: 0
2023/08/23-22:06:42.310485 310c                 Options.inplace_update_num_locks: 10000
2023/08/23-22:06:42.310489 310c               Options.memtable_prefix_bloom_size_ratio: 0.000000
2023/08/23-22:06:42.310494 310c               Options.memtable_whole_key_filtering: 0
2023/08/23-22:06:42.310498 310c   Options.memtable_huge_page_size: 0
2023/08/23-22:06:42.310502 310c                           Options.bloom_locality: 0
2023/08/23-22:06:42.310506 310c                    Options.max_successive_merges: 0
2023/08/23-22:06:42.310510 310c                Options.optimize_filters_for_hits: 0
2023/08/23-22:06:42.310514 310c                Options.paranoid_file_checks: 0
2023/08/23-22:06:42.310518 310c                Options.force_consistency_checks: 1
2023/08/23-22:06:42.310522 310c                Options.report_bg_io_stats: 0
2023/08/23-22:06:42.310526 310c                               Options.ttl: 0
2023/08/23-22:06:42.310531 310c          Options.periodic_compaction_seconds: 0
2023/08/23-22:06:42.310535 310c  Options.preclude_last_level_data_seconds: 0
2023/08/23-22:06:42.310539 310c    Options.preserve_internal_time_seconds: 0
2023/08/23-22:06:42.310543 310c                       Options.enable_blob_files: true
2023/08/23-22:06:42.310548 310c                           Options.min_blob_size: 100
2023/08/23-22:06:42.310552 310c                          Options.blob_file_size: 268435456
2023/08/23-22:06:42.310556 310c                   Options.blob_compression_type: LZ4
2023/08/23-22:06:42.310560 310c          Options.enable_blob_garbage_collection: false
2023/08/23-22:06:42.310565 310c      Options.blob_garbage_collection_age_cutoff: 0.250000
2023/08/23-22:06:42.310571 310c Options.blob_garbage_collection_force_threshold: 1.000000
2023/08/23-22:06:42.310576 310c          Options.blob_compaction_readahead_size: 0
2023/08/23-22:06:42.310580 310c                Options.blob_file_starting_level: 0
2023/08/23-22:06:42.310584 310c Options.experimental_mempurge_threshold: 0.000000
2023/08/23-22:06:42.310788 310c [db\db_impl\db_impl.cc:3205] Created column family [] (ID 1)
2023/08/23-22:06:42.321748 310c [db\column_family.cc:621] --------------- Options for column family []:
2023/08/23-22:06:42.321789 310c               Options.comparator: leveldb.BytewiseComparator
2023/08/23-22:06:42.321802 310c           Options.merge_operator: None
2023/08/23-22:06:42.321813 310c        Options.compaction_filter: None
2023/08/23-22:06:42.321824 310c        Options.compaction_filter_factory: None
2023/08/23-22:06:42.321835 310c  Options.sst_partitioner_factory: None
2023/08/23-22:06:42.321846 310c         Options.memtable_factory: SkipListFactory
2023/08/23-22:06:42.321857 310c            Options.table_factory: BlockBasedTable
2023/08/23-22:06:42.321917 310c            table_factory options:   flush_block_policy_factory: FlushBlockBySizePolicyFactory (0000024B425BE350)
  cache_index_and_filter_blocks: 0
  cache_index_and_filter_blocks_with_high_priority: 1
  pin_l0_filter_and_index_blocks_in_cache: 0
  pin_top_level_index_and_filter: 1
  index_type: 0
  data_block_index_type: 0
  index_shortening: 1
  data_block_hash_table_util_ratio: 0.750000
  checksum: 1
  no_block_cache: 0
  block_cache: 0000024B7E0BA5C0
  block_cache_name: LRUCache
  block_cache_options:
    capacity : 134217728
    num_shard_bits : 6
    strict_capacity_limit : 0
    memory_allocator : None
    high_pri_pool_ratio: 0.000
    low_pri_pool_ratio: 0.000
  persistent_cache: 0000000000000000
  block_size: 32768
  block_size_deviation: 10
  block_restart_interval: 16
  index_block_restart_interval: 1
  metadata_block_size: 4096
  partition_filters: 0
  use_delta_encoding: 1
  filter_policy: bloomfilter
  whole_key_filtering: 1
  verify_compression: 0
  read_amp_bytes_per_bit: 0
  format_version: 5
  enable_index_compression: 1
  block_align: 0
  max_auto_readahead_size: 262144
  prepopulate_block_cache: 0
  initial_auto_readahead_size: 8192
  num_file_reads_for_auto_readahead: 2
2023/08/23-22:06:42.321933 310c        Options.write_buffer_size: 67108864
2023/08/23-22:06:42.321944 310c  Options.max_write_buffer_number: 2
2023/08/23-22:06:42.321956 310c          Options.compression: LZ4
2023/08/23-22:06:42.321965 310c                  Options.bottommost_compression: Disabled
2023/08/23-22:06:42.321971 310c       Options.prefix_extractor: nullptr
2023/08/23-22:06:42.321977 310c   Options.memtable_insert_with_hint_prefix_extractor: nullptr
2023/08/23-22:06:42.321983 310c             Options.num_levels: 7
2023/08/23-22:06:42.321989 310c        Options.min_write_buffer_number_to_merge: 1
2023/08/23-22:06:42.321994 310c     Options.max_write_buffer_number_to_maintain: 0
2023/08/23-22:06:42.322000 310c     Options.max_write_buffer_size_to_maintain: 134217728
2023/08/23-22:06:42.322006 310c            Options.bottommost_compression_opts.window_bits: -14
2023/08/23-22:06:42.322013 310c                  Options.bottommost_compression_opts.level: 32767
2023/08/23-22:06:42.322019 310c               Options.bottommost_compression_opts.strategy: 0
2023/08/23-22:06:42.322024 310c         Options.bottommost_compression_opts.max_dict_bytes: 0
2023/08/23-22:06:42.322030 310c         Options.bottommost_compression_opts.zstd_max_train_bytes: 0
2023/08/23-22:06:42.322037 310c         Options.bottommost_compression_opts.parallel_threads: 1
2023/08/23-22:06:42.322042 310c                  Options.bottommost_compression_opts.enabled: false
2023/08/23-22:06:42.322049 310c         Options.bottommost_compression_opts.max_dict_buffer_bytes: 0
2023/08/23-22:06:42.322055 310c         Options.bottommost_compression_opts.use_zstd_dict_trainer: true
2023/08/23-22:06:42.322061 310c            Options.compression_opts.window_bits: -14
2023/08/23-22:06:42.322066 310c                  Options.compression_opts.level: 32767
2023/08/23-22:06:42.322073 310c               Options.compression_opts.strategy: 0
2023/08/23-22:06:42.322078 310c         Options.compression_opts.max_dict_bytes: 0
2023/08/23-22:06:42.322084 310c         Options.compression_opts.zstd_max_train_bytes: 0
2023/08/23-22:06:42.322090 310c         Options.compression_opts.use_zstd_dict_trainer: true
2023/08/23-22:06:42.322096 310c         Options.compression_opts.parallel_threads: 1
2023/08/23-22:06:42.322103 310c                  Options.compression_opts.enabled: false
2023/08/23-22:06:42.322109 310c         Options.compression_opts.max_dict_buffer_bytes: 0
2023/08/23-22:06:42.322115 310c      Options.level0_file_num_compaction_trigger: 4
2023/08/23-22:06:42.322121 310c          Options.level0_slowdown_writes_trigger: 20
2023/08/23-22:06:42.322127 310c              Options.level0_stop_writes_trigger: 36
2023/08/23-22:06:42.322133 310c                   Options.target_file_size_base: 67108864
2023/08/23-22:06:42.322139 310c             Options.target_file_size_multiplier: 1
2023/08/23-22:06:42.322181 310c                Options.max_bytes_for_level_base: 268435456
2023/08/23-22:06:42.322188 310c Options.level_compaction_dynamic_level_bytes: 0
2023/08/23-22:06:42.322195 310c          Options.max_bytes_for_level_multiplier: 10.000000
2023/08/23-22:06:42.322202 310c Options.max_bytes_for_level_multiplier_addtl[0]: 1
2023/08/23-22:06:42.322208 310c Options.max_bytes_for_level_multiplier_addtl[1]: 1
2023/08/23-22:06:42.322214 310c Options.max_bytes_for_level_multiplier_addtl[2]: 1
2023/08/23-22:06:42.322220 310c Options.max_bytes_for_level_multiplier_addtl[3]: 1
2023/08/23-22:06:42.322226 310c Options.max_bytes_for_level_multiplier_addtl[4]: 1
2023/08/23-22:06:42.322232 310c Options.max_bytes_for_level_multiplier_addtl[5]: 1
2023/08/23-22:06:42.322238 310c Options.max_bytes_for_level_multiplier_addtl[6]: 1
2023/08/23-22:06:42.322244 310c       Options.max_sequential_skip_in_iterations: 8
2023/08/23-22:06:42.322250 310c                    Options.max_compaction_bytes: 1677721600
2023/08/23-22:06:42.322256 310c   Options.ignore_max_compaction_bytes_for_input: true
2023/08/23-22:06:42.322262 310c                        Options.arena_block_size: 1048576
2023/08/23-22:06:42.322268 310c   Options.soft_pending_compaction_bytes_limit: 68719476736
2023/08/23-22:06:42.322275 310c   Options.hard_pending_compaction_bytes_limit: 274877906944
2023/08/23-22:06:42.322280 310c                Options.disable_auto_compactions: 1
2023/08/23-22:06:42.322287 310c                        Options.compaction_style: kCompactionStyleLevel
2023/08/23-22:06:42.322294 310c                          Options.compaction_pri: kMinOverlappingRatio
2023/08/23-22:06:42.322300 310c Options.compaction_options_universal.size_ratio: 1
2023/08/23-22:06:42.322306 310c Options.compaction_options_universal.min_merge_width: 2
2023/08/23-22:06:42.322312 310c Options.compaction_options_universal.max_merge_width: 4294967295
2023/08/23-22:06:42.322318 310c Options.compaction_options_universal.max_size_amplification_percent: 200
2023/08/23-22:06:42.322324 310c Options.compaction_options_universal.compression_size_percent: -1
2023/08/23-22:06:42.322331 310c Options.compaction_options_universal.stop_style: kCompactionStopStyleTotalSize
2023/08/23-22:06:42.322336 310c Options.compaction_options_fifo.max_table_files_size: 1073741824
2023/08/23-22:06:42.322342 310c Options.compaction_options_fifo.allow_compaction: 0
2023/08/23-22:06:42.322350 310c                   Options.table_properties_collectors: 
2023/08/23-22:06:42.322356 310c                   Options.inplace_update_support: 0
2023/08/23-22:06:42.322362 310c                 Options.inplace_update_num_locks: 10000
2023/08/23-22:06:42.322368 310c               Options.memtable_prefix_bloom_size_ratio: 0.000000
2023/08/23-22:06:42.322374 310c               Options.memtable_whole_key_filtering: 0
2023/08/23-22:06:42.322380 310c   Options.memtable_huge_page_size: 0
2023/08/23-22:06:42.322386 310c                           Options.bloom_locality: 0
2023/08/23-22:06:42.322392 310c                    Options.max_successive_merges: 0
2023/08/23-22:06:42.322398 310c                Options.optimize_filters_for_hits: 0
2023/08/23-22:06:42.322404 310c                Options.paranoid_file_checks: 0
2023/08/23-22:06:42.322410 310c                Options.force_consistency_checks: 1
2023/08/23-22:06:42.322416 310c                Options.report_bg_io_stats: 0
2023/08/23-22:06:42.322422 310c                               Options.ttl: 0
2023/08/23-22:06:42.322428 310c          Options.periodic_compaction_seconds: 0
2023/08/23-22:06:42.322434 310c  Options.preclude_last_level_data_seconds: 0
2023/08/23-22:06:42.322440 310c    Options.preserve_internal_time_seconds: 0
2023/08/23-22:06:42.322445 310c                       Options.enable_blob_files: false
2023/08/23-22:06:42.322451 310c                           Options.min_blob_size: 0
2023/08/23-22:06:42.322457 310c                          Options.blob_file_size: 268435456
2023/08/23-22:06:42.322463 310c                   Options.blob_compression_type: NoCompression
2023/08/23-22:06:42.322470 310c          Options.enable_blob_garbage_collection: false
2023/08/23-22:06:42.322478 310c      Options.blob_garbage_collection_age_cutoff: 0.250000
2023/08/23-22:06:42.322484 310c Options.blob_garbage_collection_force_threshold: 1.000000
2023/08/23-22:06:42.322491 310c          Options.blob_compaction_readahead_size: 0
2023/08/23-22:06:42.322497 310c                Options.blob_file_starting_level: 0
2023/08/23-22:06:42.322503 310c Options.experimental_mempurge_threshold: 0.000000
2023/08/23-22:06:42.322773 310c [db\db_impl\db_impl.cc:3205] Created column family [] (ID 2)
2023/08/23-22:06:42.333255 310c [db\column_family.cc:621] --------------- Options for column family []:
2023/08/23-22:06:42.333273 310c               Options.comparator: leveldb.BytewiseComparator
2023/08/23-22:06:42.333278 310c           Options.merge_operator: None
2023/08/23-22:06:42.333282 310c        Options.compaction_filter: None
2023/08/23-22:06:42.333287 310c        Options.compaction_filter_factory: None
2023/08/23-22:06:42.333291 310c  Options.sst_partitioner_factory: None
2023/08/23-22:06:42.333295 310c         Options.memtable_factory: SkipListFactory
2023/08/23-22:06:42.333299 310c            Options.table_factory: BlockBasedTable
2023/08/23-22:06:42.333324 310c            table_factory options:   flush_block_policy_factory: FlushBlockBySizePolicyFactory (0000024B425BDED0)
  cache_index_and_filter_blocks: 0
  cache_index_and_filter_blocks_with_high_priority: 1
  pin_l0_filter_and_index_blocks_in_cache: 0
  pin_top_level_index_and_filter: 1
  index_type: 0
  data_block_index_type: 0
  index_shortening: 1
  data_block_hash_table_util_ratio: 0.750000
  checksum: 1
  no_block_cache: 0
  block_cache: 0000024B7E0B9240
  block_cache_name: LRUCache
  block_cache_options:
    capacity : 134217728
    num_shard_bits : 6
    strict_capacity_limit : 0
    memory_allocator : None
    high_pri_pool_ratio: 0.000
    low_pri_pool_ratio: 0.000
  persistent_cache: 0000000000000000
  block_size: 32768
  block_size_deviation: 10
  block_restart_interval: 16
  index_block_restart_interval: 1
  metadata_block_size: 4096
  partition_filters: 0
  use_delta_encoding: 1
  filter_policy: bloomfilter
  whole_key_filtering: 1
  verify_compression: 0
  read_amp_bytes_per_bit: 0
  format_version: 5
  enable_index_compression: 1
  block_align: 0
  max_auto_readahead_size: 262144
  prepopulate_block_cache: 0
  initial_auto_readahead_size: 8192
  num_file_reads_for_auto_readahead: 2
2023/08/23-22:06:42.333329 310c        Options.write_buffer_size: 67108864
2023/08/23-22:06:42.333333 310c  Options.max_write_buffer_number: 2
2023/08/23-22:06:42.333337 310c          Options.compression: LZ4
2023/08/23-22:06:42.333341 310c                  Options.bottommost_compression: Disabled
2023/08/23-22:06:42.333345 310c       Options.prefix_extractor: nullptr
2023/08/23-22:06:42.333349 310c   Options.memtable_insert_with_hint_prefix_extractor: nullptr
2023/08/23-22:06:42.333353 310c             Options.num_levels: 7
